   -6   -4    0    1    1    1      0.0335324243      0.0038449434
   -6   -4    0    1    1    2      0.0289692082     -0.0032884881
   -6   -4    0    1    1    3      0.0000000104     -0.0000000056
   -6   -4    0    2    1    1     -0.0000001725      0.0000003602
   -6   -4    0    2    1    2     -0.0000001669      0.0000003539
   -6   -4    0    2    1    3     -0.0006291275      0.0018287995
   -6   -4    0    1    2    1      0.0000004240     -0.0000001081
   -6   -4    0    1    2    2      0.0000002450      0.0000001222
   -6   -4    0    1    2    3      0.0006291555      0.0018288285
   -6   -4    0    2    2    1      0.0335334960     -0.0038477591
   -6   -4    0    2    2    2      0.0289689232      0.0032907115
   -6   -4    0    2    2    3     -0.0000000091      0.0000000033
   -6   -3    0    1    1    1     -0.1100952599     -0.0000009476
   -6   -3    0    1    1    2      0.0000001384     -0.0416758261
   -6   -3    0    1    1    3      0.0000000026     -0.0000000034
   -6   -3    0    2    1    1     -0.0000001161      0.0000001073
   -6   -3    0    2    1    2     -0.0000000310     -0.0000000473
   -6   -3    0    2    1    3      0.0017357935     -0.0000000221
   -6   -3    0    1    2    1      0.0000004325     -0.0000000838
   -6   -3    0    1    2    2      0.0000000084     -0.0000002196
   -6   -3    0    1    2    3     -0.0017357744     -0.0000000013
   -6   -3    0    2    2    1     -0.1100946688     -0.0000011402
   -6   -3    0    2    2    2      0.0000008827      0.0416763263
   -6   -3    0    2    2    3     -0.0000000015      0.0000000012
   -6   -2    0    1    1    1      0.0335340082     -0.0038461181
   -6   -2    0    1    1    2     -0.0289689845     -0.0032889325
   -6   -2    0    1    1    3      0.0000000004      0.0000000039
   -6   -2    0    2    1    1     -0.0000002816     -0.0000000459
   -6   -2    0    2    1    2      0.0000000746     -0.0000001737
   -6   -2    0    2    1    3     -0.0006291646     -0.0018287993
   -6   -2    0    1    2    1      0.0000000418     -0.0000001951
   -6   -2    0    1    2    2     -0.0000000883      0.0000002507
   -6   -2    0    1    2    3      0.0006291906     -0.0018288231
   -6   -2    0    2    2    1      0.0335334355      0.0038470490
   -6   -2    0    2    2    2     -0.0289694601      0.0032907571
   -6   -2    0    2    2    3      0.0000000006     -0.0000000066
   -5   -5    0    1    1    1     -0.0012439171      0.0068886975
   -5   -5    0    1    1    2      0.0021546892      0.0170592885
   -5   -5    0    1    1    3      0.0000000010      0.0000000000
   -5   -5    0    2    1    1      0.0000000504      0.0000005960
   -5   -5    0    2    1    2      0.0000004110      0.0000001899
   -5   -5    0    2    1    3     -0.0000000315     -0.0000000085
   -5   -5    0    1    2    1     -0.0000004065      0.0000004340
   -5   -5    0    1    2    2      0.0000002129      0.0000004743
   -5   -5    0    1    2    3      0.0000000082     -0.0000000118
   -5   -5    0    2    2    1     -0.0012440801     -0.0068876047
   -5   -5    0    2    2    2      0.0021549269     -0.0170590089
   -5   -5    0    2    2    3      0.0000000023      0.0000000000
   -5   -4    0    1    1    1      0.0135484089     -0.0166633182
   -5   -4    0    1    1    2      0.0028078553     -0.0259675207
   -5   -4    0    1    1    3      0.0000000022     -0.0000000098
   -5   -4    0    2    1    1      0.0000002171      0.0000002964
   -5   -4    0    2    1    2      0.0000002622      0.0000003300
   -5   -4    0    2    1    3     -0.0002754907      0.0036575250
   -5   -4    0    1    2    1     -0.0000002333      0.0000002607
   -5   -4    0    1    2    2      0.0000002425      0.0000002982
   -5   -4    0    1    2    3      0.0002754908      0.0036574814
   -5   -4    0    2    2    1      0.0135500864      0.0166628766
   -5   -4    0    2    2    2      0.0028107722      0.0259678972
   -5   -4    0    2    2    3     -0.0000000009      0.0000000109
   -5   -3    0    1    1    1     -0.0209927311      0.0321375652
   -5   -3    0    1    1    2      0.1072834138      0.0183186465
   -5   -3    0    1    1    3     -0.0000000086      0.0000000010
   -5   -3    0    2    1    1      0.0000004351      0.0000002975
   -5   -3    0    2    1    2      0.0000000403      0.0000000129
   -5   -3    0    2    1    3      0.0004813458      0.0012619528
   -5   -3    0    1    2    1     -0.0000001478     -0.0000001106
   -5   -3    0    1    2    2      0.0000001643     -0.0000003527
   -5   -3    0    1    2    3     -0.0004813567      0.0012619955
   -5   -3    0    2    2    1     -0.0209903321     -0.0321383073
   -5   -3    0    2    2    2      0.1072833529     -0.0183171130
   -5   -3    0    2    2    3      0.0000000108      0.0000000008
   -5   -2    0    1    1    1     -0.0209922875     -0.0321368799
   -5   -2    0    1    1    2     -0.1072830287      0.0183179735
   -5   -2    0    1    1    3     -0.0000000086      0.0000000038
   -5   -2    0    2    1    1     -0.0000000340     -0.0000001362
   -5   -2    0    2    1    2      0.0000000490      0.0000001513
   -5   -2    0    2    1    3      0.0004813302     -0.0012619709
   -5   -2    0    1    2    1     -0.0000003208      0.0000001966
   -5   -2    0    1    2    2     -0.0000000288     -0.0000000551
   -5   -2    0    1    2    3     -0.0004813505     -0.0012619335
   -5   -2    0    2    2    1     -0.0209908350      0.0321371771
   -5   -2    0    2    2    2     -0.1072824418     -0.0183168749
   -5   -2    0    2    2    3      0.0000000106     -0.0000000016
   -5   -1    0    1    1    1      0.0135499501      0.0166639005
   -5   -1    0    1    1    2     -0.0028078102     -0.0259675878
   -5   -1    0    1    1    3      0.0000000019      0.0000000009
   -5   -1    0    2    1    1      0.0000004495      0.0000002890
   -5   -1    0    2    1    2     -0.0000001494     -0.0000000779
   -5   -1    0    2    1    3     -0.0002755387     -0.0036574804
   -5   -1    0    1    2    1     -0.0000003452      0.0000000820
   -5   -1    0    1    2    2      0.0000000181     -0.0000000788
   -5   -1    0    1    2    3      0.0002755010     -0.0036574788
   -5   -1    0    2    2    1      0.0135500217     -0.0166621734
   -5   -1    0    2    2    2     -0.0028115509      0.0259671772
   -5   -1    0    2    2    3      0.0000000013     -0.0000000002
   -5    0    0    1    1    1     -0.0012445872     -0.0068890397
   -5    0    0    1    1    2     -0.0021559078      0.0170594288
   -5    0    0    1    1    3     -0.0000000023      0.0000000000
   -5    0    0    2    1    1      0.0000003961      0.0000003550
   -5    0    0    2    1    2     -0.0000001197     -0.0000000647
   -5    0    0    2    1    3     -0.0000000577      0.0000000492
   -5    0    0    1    2    1     -0.0000003866      0.0000003117
   -5    0    0    1    2    2      0.0000001425     -0.0000001472
   -5    0    0    1    2    3     -0.0000000179     -0.0000000289
   -5    0    0    2    2    1     -0.0012440630      0.0068880265
   -5    0    0    2    2    2     -0.0021549361     -0.0170604888
   -5    0    0    2    2    3      0.0000000047      0.0000000000
   -4   -5    0    1    1    1     -0.0590031802      0.0288375741
   -4   -5    0    1    1    2      0.0357904357     -0.0051490623
   -4   -5    0    1    1    3      0.0000000106      0.0000000011
   -4   -5    0    2    1    1     -0.0000003235      0.0000002007
   -4   -5    0    2    1    2      0.0000001470     -0.0000003061
   -4   -5    0    2    1    3      0.0013536051     -0.0022087284
   -4   -5    0    1    2    1      0.0000003259      0.0000002161
   -4   -5    0    1    2    2     -0.0000000291     -0.0000000731
   -4   -5    0    1    2    3     -0.0013536160     -0.0022087108
   -4   -5    0    2    2    1     -0.0590033278     -0.0288409312
   -4   -5    0    2    2    2      0.0357904910      0.0051489684
   -4   -5    0    2    2    3     -0.0000000094      0.0000000005
   -4   -4    0    1    1    1      0.1297623583      0.0109547124
   -4   -4    0    1    1    2     -0.0391914877      0.0226920353
   -4   -4    0    1    1    3      0.0000000072     -0.0000000091
   -4   -4    0    2    1    1     -0.0000000347     -0.0000000374
   -4   -4    0    2    1    2     -0.0000000982     -0.0000001117
   -4   -4    0    2    1    3      0.0013405457      0.0025624557
   -4   -4    0    1    2    1      0.0000002356     -0.0000000744
   -4   -4    0    1    2    2     -0.0000000707      0.0000001452
   -4   -4    0    1    2    3     -0.0013405804      0.0025624171
   -4   -4    0    2    2    1      0.1297613025     -0.0109545282
   -4   -4    0    2    2    2     -0.0391913810     -0.0226923316
   -4   -4    0    2    2    3     -0.0000000044      0.0000000099
   -4   -3    0    1    1    1     -0.0596619663      0.0445507737
   -4   -3    0    1    1    2      0.0927089838      0.0529596690
   -4   -3    0    1    1    3     -0.0000000010     -0.0000000070
   -4   -3    0    2    1    1      0.0000003315     -0.0000000603
   -4   -3    0    2    1    2     -0.0000001206     -0.0000003714
   -4   -3    0    2    1    3      0.0025510894      0.0035752922
   -4   -3    0    1    2    1     -0.0000000057     -0.0000001195
   -4   -3    0    1    2    2     -0.0000000040     -0.0000004505
   -4   -3    0    1    2    3     -0.0025510861      0.0035752596
   -4   -3    0    2    2    1     -0.0596583088     -0.0445535010
   -4   -3    0    2    2    2      0.0927091714     -0.0529583049
   -4   -3    0    2    2    3      0.0000000022      0.0000000061
   -4   -2    0    1    1    1      0.1222972302     -0.0000012525
   -4   -2    0    1    1    2      0.0000001763      0.0096602743
   -4   -2    0    1    1    3     -0.0000000027      0.0000000050
   -4   -2    0    2    1    1     -0.0000001007     -0.0000003539
   -4   -2    0    2    1    2     -0.0000000289     -0.0000001243
   -4   -2    0    2    1    3      0.0008989178     -0.0000000298
   -4   -2    0    1    2    1     -0.0000002183      0.0000001242
   -4   -2    0    1    2    2     -0.0000000640     -0.0000000046
   -4   -2    0    1    2    3     -0.0008988949      0.0000000283
   -4   -2    0    2    2    1      0.1222959243      0.0000000988
   -4   -2    0    2    2    2      0.0000001863     -0.0096588522
   -4   -2    0    2    2    3      0.0000000045     -0.0000000058
   -4   -1    0    1    1    1     -0.0596589087     -0.0445514069
   -4   -1    0    1    1    2     -0.0927087085      0.0529593160
   -4   -1    0    1    1    3      0.0000000122     -0.0000000025
   -4   -1    0    2    1    1     -0.0000001866     -0.0000002769
   -4   -1    0    2    1    2      0.0000001687     -0.0000001728
   -4   -1    0    2    1    3      0.0025511333     -0.0035753134
   -4   -1    0    1    2    1      0.0000000625      0.0000003470
   -4   -1    0    1    2    2     -0.0000002617      0.0000001061
   -4   -1    0    1    2    3     -0.0025510930     -0.0035752611
   -4   -1    0    2    2    1     -0.0596601209      0.0445527852
   -4   -1    0    2    2    2     -0.0927096854     -0.0529571816
   -4   -1    0    2    2    3     -0.0000000103      0.0000000023
   -4    0    0    1    1    1      0.1297626821     -0.0109537955
   -4    0    0    1    1    2      0.0391912110      0.0226919734
   -4    0    0    1    1    3      0.0000000139     -0.0000000011
   -4    0    0    2    1    1      0.0000000436     -0.0000003573
   -4    0    0    2    1    2      0.0000000254     -0.0000002579
   -4    0    0    2    1    3      0.0013405382     -0.0025624255
   -4    0    0    1    2    1      0.0000001142     -0.0000001100
   -4    0    0    1    2    2     -0.0000000393      0.0000003357
   -4    0    0    1    2    3     -0.0013405311     -0.0025624721
   -4    0    0    2    2    1      0.1297617738      0.0109555402
   -4    0    0    2    2    2      0.0391907338     -0.0226937098
   -4    0    0    2    2    3     -0.0000000120      0.0000000024
   -4    1    0    1    1    1     -0.0590044355     -0.0288369042
   -4    1    0    1    1    2     -0.0357903345     -0.0051494794
   -4    1    0    1    1    3      0.0000000061     -0.0000000009
   -4    1    0    2    1    1     -0.0000001469     -0.0000003281
   -4    1    0    2    1    2      0.0000000739     -0.0000004775
   -4    1    0    2    1    3      0.0013535937      0.0022087266
   -4    1    0    1    2    1      0.0000002571      0.0000002499
   -4    1    0    1    2    2     -0.0000001438     -0.0000000098
   -4    1    0    1    2    3     -0.0013536081      0.0022086863
   -4    1    0    2    2    1     -0.0590036550      0.0288414428
   -4    1    0    2    2    2     -0.0357902874      0.0051486565
   -4    1    0    2    2    3     -0.0000000042      0.0000000035
   -3   -6    0    1    1    1     -0.0136944423     -0.0120526370
   -3   -6    0    1    1    2     -0.0816922452      0.0105801923
   -3   -6    0    1    1    3      0.0000000061      0.0000000079
   -3   -6    0    2    1    1     -0.0000003713      0.0000004496
   -3   -6    0    2    1    2      0.0000000070      0.0000001924
   -3   -6    0    2    1    3     -0.0016649626     -0.0013790190
   -3   -6    0    1    2    1     -0.0000004121      0.0000001951
   -3   -6    0    1    2    2     -0.0000001087     -0.0000001391
   -3   -6    0    1    2    3      0.0016649948     -0.0013789968
   -3   -6    0    2    2    1     -0.0136995162      0.0120537762
   -3   -6    0    2    2    2     -0.0816926167     -0.0105804640
   -3   -6    0    2    2    3     -0.0000000057     -0.0000000065
   -3   -5    0    1    1    1     -0.0717048043      0.0385458591
   -3   -5    0    1    1    2     -0.0164701540      0.0289856670
   -3   -5    0    1    1    3      0.0000000042     -0.0000000050
   -3   -5    0    2    1    1     -0.0000002952      0.0000002900
   -3   -5    0    2    1    2      0.0000002938     -0.0000002672
   -3   -5    0    2    1    3      0.0019688815     -0.0017884802
   -3   -5    0    1    2    1     -0.0000003658      0.0000000849
   -3   -5    0    1    2    2      0.0000000618      0.0000000419
   -3   -5    0    1    2    3     -0.0019688439     -0.0017884174
   -3   -5    0    2    2    1     -0.0717072422     -0.0385468587
   -3   -5    0    2    2    2     -0.0164683246     -0.0289844537
   -3   -5    0    2    2    3     -0.0000000034      0.0000000055
   -3   -4    0    1    1    1      0.1095414358     -0.0487963353
   -3   -4    0    1    1    2     -0.0574332941     -0.0617731803
   -3   -4    0    1    1    3      0.0000000033     -0.0000000073
   -3   -4    0    2    1    1     -0.0000000115     -0.0000001176
   -3   -4    0    2    1    2      0.0000002405     -0.0000000404
   -3   -4    0    2    1    3      0.0011678469      0.0004619963
   -3   -4    0    1    2    1     -0.0000001450     -0.0000002390
   -3   -4    0    1    2    2     -0.0000000755      0.0000003056
   -3   -4    0    1    2    3     -0.0011678548      0.0004620002
   -3   -4    0    2    2    1      0.1095406140      0.0487973576
   -3   -4    0    2    2    2     -0.0574348667      0.0617739950
   -3   -4    0    2    2    3     -0.0000000034      0.0000000100
   -3   -3    0    1    1    1      0.0179191842      0.0138050765
   -3   -3    0    1    1    2     -0.0356697855      0.1316357825
   -3   -3    0    1    1    3     -0.0000000092     -0.0000000033
   -3   -3    0    2    1    1      0.0000002877     -0.0000002181
   -3   -3    0    2    1    2      0.0000001835     -0.0000002708
   -3   -3    0    2    1    3      0.0024965106      0.0030615936
   -3   -3    0    1    2    1     -0.0000000370     -0.0000003432
   -3   -3    0    1    2    2      0.0000001588     -0.0000002042
   -3   -3    0    1    2    3     -0.0024965397      0.0030615338
   -3   -3    0    2    2    1      0.0179213561     -0.0138052477
   -3   -3    0    2    2    2     -0.0356665887     -0.1316354492
   -3   -3    0    2    2    3      0.0000000112      0.0000000073
   -3   -2    0    1    1    1     -0.0863064291      0.0680172973
   -3   -2    0    1    1    2      0.0871634989      0.0024993082
   -3   -2    0    1    1    3     -0.0000000115      0.0000000030
   -3   -2    0    2    1    1     -0.0000002645     -0.0000005753
   -3   -2    0    2    1    2      0.0000001313     -0.0000000188
   -3   -2    0    2    1    3      0.0011138655      0.0036262271
   -3   -2    0    1    2    1     -0.0000001141      0.0000003179
   -3   -2    0    1    2    2      0.0000001628      0.0000002041
   -3   -2    0    1    2    3     -0.0011138896      0.0036262389
   -3   -2    0    2    2    1     -0.0863046392     -0.0680176284
   -3   -2    0    2    2    2      0.0871626383     -0.0024987777
   -3   -2    0    2    2    3      0.0000000096      0.0000000043
   -3   -1    0    1    1    1     -0.0863041413     -0.0680201245
   -3   -1    0    1    1    2     -0.0871632414      0.0024998477
   -3   -1    0    1    1    3     -0.0000000002      0.0000000039
   -3   -1    0    2    1    1     -0.0000000729     -0.0000003388
   -3   -1    0    2    1    2      0.0000000356      0.0000002254
   -3   -1    0    2    1    3      0.0011139261     -0.0036262649
   -3   -1    0    1    2    1      0.0000001793      0.0000000209
   -3   -1    0    1    2    2     -0.0000000136      0.0000002241
   -3   -1    0    1    2    3     -0.0011139271     -0.0036262253
   -3   -1    0    2    2    1     -0.0863027756      0.0680180050
   -3   -1    0    2    2    2     -0.0871615970     -0.0024982606
   -3   -1    0    2    2    3      0.0000000010      0.0000000027
   -3    0    0    1    1    1      0.0179206762     -0.0138039785
   -3    0    0    1    1    2      0.0356687599      0.1316349709
   -3    0    0    1    1    3      0.0000000036     -0.0000000015
   -3    0    0    2    1    1     -0.0000001584     -0.0000003697
   -3    0    0    2    1    2      0.0000000787      0.0000002674
   -3    0    0    2    1    3      0.0024965659     -0.0030615936
   -3    0    0    1    2    1      0.0000002574     -0.0000000914
   -3    0    0    1    2    2     -0.0000000770      0.0000003567
   -3    0    0    1    2    3     -0.0024965429     -0.0030615565
   -3    0    0    2    2    1      0.0179206754      0.0138033097
   -3    0    0    2    2    2      0.0356669885     -0.1316346387
   -3    0    0    2    2    3     -0.0000000051      0.0000000063
   -3    1    0    1    1    1      0.1095417328      0.0487963183
   -3    1    0    1    1    2      0.0574316085     -0.0617738785
   -3    1    0    1    1    3      0.0000000029     -0.0000000019
   -3    1    0    2    1    1      0.0000000603      0.0000001373
   -3    1    0    2    1    2     -0.0000002782     -0.0000002540
   -3    1    0    2    1    3      0.0011678192     -0.0004619804
   -3    1    0    1    2    1      0.0000001031      0.0000000318
   -3    1    0    1    2    2      0.0000000528      0.0000002698
   -3    1    0    1    2    3     -0.0011678187     -0.0004620036
   -3    1    0    2    2    1      0.1095412312     -0.0487969433
   -3    1    0    2    2    2      0.0574336453      0.0617738112
   -3    1    0    2    2    3     -0.0000000025      0.0000000056
   -3    2    0    1    1    1     -0.0717058822     -0.0385455487
   -3    2    0    1    1    2      0.0164683813      0.0289846215
   -3    2    0    1    1    3     -0.0000000135     -0.0000000060
   -3    2    0    2    1    1     -0.0000001422      0.0000000775
   -3    2    0    2    1    2     -0.0000003154     -0.0000001803
   -3    2    0    2    1    3      0.0019688598      0.0017884550
   -3    2    0    1    2    1     -0.0000001866     -0.0000000794
   -3    2    0    1    2    2     -0.0000002356      0.0000002191
   -3    2    0    1    2    3     -0.0019688580      0.0017884263
   -3    2    0    2    2    1     -0.0717086007      0.0385472024
   -3    2    0    2    2    2      0.0164689086     -0.0289847759
   -3    2    0    2    2    3      0.0000000132      0.0000000070
   -3    3    0    1    1    1     -0.0136956928      0.0120544633
   -3    3    0    1    1    2      0.0816912468      0.0105803496
   -3    3    0    1    1    3     -0.0000000052      0.0000000010
   -3    3    0    2    1    1     -0.0000003285      0.0000003406
   -3    3    0    2    1    2     -0.0000001363      0.0000003994
   -3    3    0    2    1    3     -0.0016649440      0.0013790568
   -3    3    0    1    2    1     -0.0000003864      0.0000001612
   -3    3    0    1    2    2     -0.0000001034      0.0000001377
   -3    3    0    1    2    3      0.0016649646      0.0013789893
   -3    3    0    2    2    1     -0.0136985925     -0.0120535874
   -3    3    0    2    2    2      0.0816919437     -0.0105798093
   -3    3    0    2    2    3      0.0000000044      0.0000000005
   -2   -6    0    1    1    1      0.0577785072     -0.0000001086
   -2   -6    0    1    1    2      0.0000004858     -0.1109753502
   -2   -6    0    1    1    3      0.0000000034      0.0000000163
   -2   -6    0    2    1    1     -0.0000001659     -0.0000000744
   -2   -6    0    2    1    2      0.0000000786      0.0000001906
   -2   -6    0    2    1    3     -0.0033489752      0.0000000279
   -2   -6    0    1    2    1      0.0000002627      0.0000001067
   -2   -6    0    1    2    2     -0.0000002294     -0.0000001552
   -2   -6    0    1    2    3      0.0033489889     -0.0000000239
   -2   -6    0    2    2    1      0.0577781805      0.0000000910
   -2   -6    0    2    2    2     -0.0000012688      0.1109747185
   -2   -6    0    2    2    3     -0.0000000041     -0.0000000160
   -2   -5    0    1    1    1     -0.0313048828      0.0590791901
   -2   -5    0    1    1    2     -0.0353765289      0.1126445906
   -2   -5    0    1    1    3      0.0000000045      0.0000000075
   -2   -5    0    2    1    1     -0.0000001498      0.0000000877
   -2   -5    0    2    1    2      0.0000001066     -0.0000000119
   -2   -5    0    2    1    3     -0.0003287015     -0.0021910270
   -2   -5    0    1    2    1     -0.0000000562      0.0000002558
   -2   -5    0    1    2    2      0.0000000880     -0.0000005362
   -2   -5    0    1    2    3      0.0003287171     -0.0021909508
   -2   -5    0    2    2    1     -0.0313059131     -0.0590811433
   -2   -5    0    2    2    2     -0.0353756669     -0.1126454352
   -2   -5    0    2    2    3     -0.0000000047     -0.0000000083
   -2   -4    0    1    1    1      0.0422464305     -0.0298340569
   -2   -4    0    1    1    2      0.0832069276     -0.1795565747
   -2   -4    0    1    1    3      0.0000000001     -0.0000000020
   -2   -4    0    2    1    1     -0.0000000881     -0.0000000223
   -2   -4    0    2    1    2     -0.0000000771     -0.0000001996
   -2   -4    0    2    1    3      0.0007073949      0.0008664568
   -2   -4    0    1    2    1      0.0000000878     -0.0000000709
   -2   -4    0    1    2    2     -0.0000004944     -0.0000002010
   -2   -4    0    1    2    3     -0.0007073873      0.0008665133
   -2   -4    0    2    2    1      0.0422466532      0.0298327942
   -2   -4    0    2    2    2      0.0832057975      0.1795569704
   -2   -4    0    2    2    3     -0.0000000001      0.0000000043
   -2   -3    0    1    1    1      0.1113413371      0.0619170412
   -2   -3    0    1    1    2     -0.0953261603      0.0890648889
   -2   -3    0    1    1    3     -0.0000000122      0.0000000062
   -2   -3    0    2    1    1      0.0000000876     -0.0000000676
   -2   -3    0    2    1    2      0.0000001848     -0.0000002999
   -2   -3    0    2    1    3     -0.0001990634     -0.0019090699
   -2   -3    0    1    2    1     -0.0000000356     -0.0000002248
   -2   -3    0    1    2    2     -0.0000002613     -0.0000008489
   -2   -3    0    1    2    3      0.0001990381     -0.0019090847
   -2   -3    0    2    2    1      0.1113426294     -0.0619171658
   -2   -3    0    2    2    2     -0.0953226489     -0.0890631316
   -2   -3    0    2    2    3      0.0000000100     -0.0000000052
   -2   -2    0    1    1    1     -0.0038727703      0.1052028059
   -2   -2    0    1    1    2      0.0692327692     -0.0097951046
   -2   -2    0    1    1    3     -0.0000000190      0.0000000127
   -2   -2    0    2    1    1     -0.0000004290      0.0000000912
   -2   -2    0    2    1    2      0.0000000672     -0.0000004596
   -2   -2    0    2    1    3      0.0005558636      0.0028760519
   -2   -2    0    1    2    1     -0.0000001722      0.0000002905
   -2   -2    0    1    2    2     -0.0000000679     -0.0000000455
   -2   -2    0    1    2    3     -0.0005559129      0.0028760332
   -2   -2    0    2    2    1     -0.0038720700     -0.1052003277
   -2   -2    0    2    2    2      0.0692335631      0.0097973528
   -2   -2    0    2    2    3      0.0000000172     -0.0000000105
   -2   -1    0    1    1    1      0.0879585433     -0.0000000141
   -2   -1    0    1    1    2      0.0000000537     -0.0129918538
   -2   -1    0    1    1    3     -0.0000000051      0.0000000048
   -2   -1    0    2    1    1     -0.0000005147     -0.0000001706
   -2   -1    0    2    1    2      0.0000003116     -0.0000000776
   -2   -1    0    2    1    3     -0.0007278635     -0.0000000089
   -2   -1    0    1    2    1      0.0000000584     -0.0000000825
   -2   -1    0    1    2    2     -0.0000001842     -0.0000000190
   -2   -1    0    1    2    3      0.0007278476     -0.0000000338
   -2   -1    0    2    2    1      0.0879560765      0.0000006900
   -2   -1    0    2    2    2      0.0000007361      0.0129915628
   -2   -1    0    2    2    3      0.0000000002     -0.0000000051
   -2    0    0    1    1    1     -0.0038729161     -0.1052021643
   -2    0    0    1    1    2     -0.0692334320     -0.0097955249
   -2    0    0    1    1    3     -0.0000000025      0.0000000105
   -2    0    0    2    1    1     -0.0000000853     -0.0000001975
   -2    0    0    2    1    2      0.0000003000     -0.0000001408
   -2    0    0    2    1    3      0.0005559110     -0.0028760952
   -2    0    0    1    2    1     -0.0000000344     -0.0000005308
   -2    0    0    1    2    2     -0.0000002435      0.0000002567
   -2    0    0    1    2    3     -0.0005559020     -0.0028760677
   -2    0    0    2    2    1     -0.0038737365      0.1052007661
   -2    0    0    2    2    2     -0.0692337135      0.0097972548
   -2    0    0    2    2    3     -0.0000000009     -0.0000000090
   -2    1    0    1    1    1      0.1113408991     -0.0619176860
   -2    1    0    1    1    2      0.0953272117      0.0890654183
   -2    1    0    1    1    3      0.0000000005      0.0000000053
   -2    1    0    2    1    1     -0.0000002028      0.0000001172
   -2    1    0    2    1    2      0.0000007240     -0.0000006121
   -2    1    0    2    1    3     -0.0001990325      0.0019090609
   -2    1    0    1    2    1      0.0000003876      0.0000000013
   -2    1    0    1    2    2     -0.0000001583      0.0000000384
   -2    1    0    1    2    3      0.0001990758      0.0019090862
   -2    1    0    2    2    1      0.1113407002      0.0619173928
   -2    1    0    2    2    2      0.0953275185     -0.0890631883
   -2    1    0    2    2    3     -0.0000000038     -0.0000000044
   -2    2    0    1    1    1      0.0422463860      0.0298341505
   -2    2    0    1    1    2     -0.0832069145     -0.1795556866
   -2    2    0    1    1    3     -0.0000000104      0.0000000034
   -2    2    0    2    1    1      0.0000000256     -0.0000004151
   -2    2    0    2    1    2     -0.0000000257     -0.0000005734
   -2    2    0    2    1    3      0.0007073871     -0.0008664848
   -2    2    0    1    2    1      0.0000000658     -0.0000003094
   -2    2    0    1    2    2     -0.0000001281      0.0000005389
   -2    2    0    1    2    3     -0.0007073589     -0.0008664850
   -2    2    0    2    2    1      0.0422467735     -0.0298326950
   -2    2    0    2    2    2     -0.0832070150      0.1795604756
   -2    2    0    2    2    3      0.0000000082     -0.0000000021
   -2    3    0    1    1    1     -0.0313064573     -0.0590790608
   -2    3    0    1    1    2      0.0353770464      0.1126436467
   -2    3    0    1    1    3     -0.0000000136      0.0000000092
   -2    3    0    2    1    1     -0.0000000849     -0.0000000139
   -2    3    0    2    1    2      0.0000001102      0.0000003058
   -2    3    0    2    1    3     -0.0003286967      0.0021910117
   -2    3    0    1    2    1      0.0000000577      0.0000000427
   -2    3    0    1    2    2     -0.0000000895      0.0000001501
   -2    3    0    1    2    3      0.0003287120      0.0021909377
   -2    3    0    2    2    1     -0.0313051347      0.0590804723
   -2    3    0    2    2    2      0.0353774380     -0.1126439320
   -2    3    0    2    2    3      0.0000000121     -0.0000000099
   -2    4    0    1    1    1      0.0577785072     -0.0000001086
   -2    4    0    1    1    2      0.0000004858     -0.1109753502
   -2    4    0    1    1    3      0.0000000034      0.0000000163
   -2    4    0    2    1    1     -0.0000001659     -0.0000000744
   -2    4    0    2    1    2      0.0000000786      0.0000001906
   -2    4    0    2    1    3     -0.0033489752      0.0000000279
   -2    4    0    1    2    1      0.0000002627      0.0000001067
   -2    4    0    1    2    2     -0.0000002294     -0.0000001552
   -2    4    0    1    2    3      0.0033489889     -0.0000000239
   -2    4    0    2    2    1      0.0577781805      0.0000000910
   -2    4    0    2    2    2     -0.0000012688      0.1109747185
   -2    4    0    2    2    3     -0.0000000041     -0.0000000160
   -1   -5    0    1    1    1     -0.0503312460     -0.0226824658
   -1   -5    0    1    1    2     -0.0657958424     -0.0225099134
   -1   -5    0    1    1    3      0.0000000122     -0.0000000024
   -1   -5    0    2    1    1     -0.0000004002      0.0000002023
   -1   -5    0    2    1    2      0.0000002757     -0.0000002683
   -1   -5    0    2    1    3     -0.0024830454     -0.0025184464
   -1   -5    0    1    2    1     -0.0000003264      0.0000000246
   -1   -5    0    1    2    2     -0.0000002536     -0.0000000786
   -1   -5    0    1    2    3      0.0024830713     -0.0025184410
   -1   -5    0    2    2    1     -0.0503342144      0.0226827013
   -1   -5    0    2    2    2     -0.0657939585      0.0225095552
   -1   -5    0    2    2    3     -0.0000000127      0.0000000037
   -1   -4    0    1    1    1     -0.0582328938      0.0431629449
   -1   -4    0    1    1    2      0.1853022644      0.0510787706
   -1   -4    0    1    1    3      0.0000000097     -0.0000000089
   -1   -4    0    2    1    1      0.0000002040      0.0000002728
   -1   -4    0    2    1    2      0.0000002011     -0.0000002147
   -1   -4    0    2    1    3     -0.0004933887      0.0022200773
   -1   -4    0    1    2    1     -0.0000002165     -0.0000000958
   -1   -4    0    1    2    2     -0.0000004829      0.0000001446
   -1   -4    0    1    2    3      0.0004934156      0.0022201092
   -1   -4    0    2    2    1     -0.0582334567     -0.0431631875
   -1   -4    0    2    2    2      0.1853037582     -0.0510762733
   -1   -4    0    2    2    3     -0.0000000111      0.0000000117
   -1   -3    0    1    1    1     -0.0095171572     -0.0588494856
   -1   -3    0    1    1    2     -0.1518185180     -0.0869322791
   -1   -3    0    1    1    3     -0.0000000028     -0.0000000074
   -1   -3    0    2    1    1      0.0000001092     -0.0000000840
   -1   -3    0    2    1    2      0.0000005223     -0.0000005314
   -1   -3    0    2    1    3     -0.0015088066      0.0006122787
   -1   -3    0    1    2    1     -0.0000000687     -0.0000001796
   -1   -3    0    1    2    2     -0.0000005995      0.0000000262
   -1   -3    0    1    2    3      0.0015088389      0.0006123156
   -1   -3    0    2    2    1     -0.0095156546      0.0588501666
   -1   -3    0    2    2    2     -0.1518179642      0.0869343456
   -1   -3    0    2    2    3      0.0000000014      0.0000000098
   -1   -2    0    1    1    1      0.0927917094      0.2015871683
   -1   -2    0    1    1    2      0.2233598791      0.1856370837
   -1   -2    0    1    1    3     -0.0000000105      0.0000000054
   -1   -2    0    2    1    1      0.0000001696      0.0000000800
   -1   -2    0    2    1    2      0.0000001530     -0.0000005408
   -1   -2    0    2    1    3     -0.0043783198     -0.0041485644
   -1   -2    0    1    2    1     -0.0000002268      0.0000006045
   -1   -2    0    1    2    2     -0.0000001588      0.0000006768
   -1   -2    0    1    2    3      0.0043783006     -0.0041485578
   -1   -2    0    2    2    1      0.0927914870     -0.2015868537
   -1   -2    0    2    2    2      0.2233586005     -0.1856361356
   -1   -2    0    2    2    3      0.0000000033      0.0000000003
   -1   -1    0    1    1    1     -0.1633955265      0.0476539714
   -1   -1    0    1    1    2     -0.0137552522      0.0857221392
   -1   -1    0    1    1    3     -0.0000000005     -0.0000000004
   -1   -1    0    2    1    1      0.0000001600     -0.0000000673
   -1   -1    0    2    1    2     -0.0000000498     -0.0000001179
   -1   -1    0    2    1    3     -0.0098707941     -0.0047428695
   -1   -1    0    1    2    1      0.0000001768      0.0000000520
   -1   -1    0    1    2    2      0.0000000282      0.0000007601
   -1   -1    0    1    2    3      0.0098707711     -0.0047429212
   -1   -1    0    2    2    1     -0.1633938956     -0.0476543074
   -1   -1    0    2    2    2     -0.0137554813     -0.0857231990
   -1   -1    0    2    2    3     -0.0000000031      0.0000000052
   -1    0    0    1    1    1     -0.1633959337     -0.0476537306
   -1    0    0    1    1    2      0.0137557976      0.0857226543
   -1    0    0    1    1    3     -0.0000000006     -0.0000000034
   -1    0    0    2    1    1      0.0000001118     -0.0000003198
   -1    0    0    2    1    2     -0.0000003985     -0.0000000395
   -1    0    0    2    1    3     -0.0098708159      0.0047429128
   -1    0    0    1    2    1      0.0000000688      0.0000000293
   -1    0    0    1    2    2     -0.0000000297      0.0000003192
   -1    0    0    1    2    3      0.0098707973      0.0047429013
   -1    0    0    2    2    1     -0.1633947843      0.0476514446
   -1    0    0    2    2    2      0.0137560334     -0.0857203294
   -1    0    0    2    2    3     -0.0000000098      0.0000000078
   -1    1    0    1    1    1      0.0927906574     -0.2015868432
   -1    1    0    1    1    2     -0.2233589215      0.1856353796
   -1    1    0    1    1    3      0.0000000027      0.0000000003
   -1    1    0    2    1    1      0.0000003353      0.0000001397
   -1    1    0    2    1    2     -0.0000004008     -0.0000006379
   -1    1    0    2    1    3     -0.0043783358      0.0041485599
   -1    1    0    1    2    1      0.0000001198      0.0000001607
   -1    1    0    1    2    2      0.0000001317      0.0000001114
   -1    1    0    1    2    3      0.0043783274      0.0041485922
   -1    1    0    2    2    1      0.0927924118      0.2015859391
   -1    1    0    2    2    2     -0.2233609722     -0.1856361010
   -1    1    0    2    2    3     -0.0000000066      0.0000000035
   -1    2    0    1    1    1     -0.0095169202      0.0588490013
   -1    2    0    1    1    2      0.1518174140     -0.0869338652
   -1    2    0    1    1    3     -0.0000000058     -0.0000000087
   -1    2    0    2    1    1     -0.0000002681     -0.0000003756
   -1    2    0    2    1    2     -0.0000005187     -0.0000005008
   -1    2    0    2    1    3     -0.0015088243     -0.0006122840
   -1    2    0    1    2    1      0.0000001044     -0.0000001215
   -1    2    0    1    2    2     -0.0000000550      0.0000001286
   -1    2    0    1    2    3      0.0015088495     -0.0006122391
   -1    2    0    2    2    1     -0.0095163292     -0.0588491449
   -1    2    0    2    2    2      0.1518148867      0.0869353459
   -1    2    0    2    2    3      0.0000000006      0.0000000087
   -1    3    0    1    1    1     -0.0582333495     -0.0431627906
   -1    3    0    1    1    2     -0.1853052413      0.0510760240
   -1    3    0    1    1    3      0.0000000003     -0.0000000004
   -1    3    0    2    1    1     -0.0000002133     -0.0000000504
   -1    3    0    2    1    2     -0.0000007932      0.0000002996
   -1    3    0    2    1    3     -0.0004933696     -0.0022200665
   -1    3    0    1    2    1     -0.0000002352      0.0000000818
   -1    3    0    1    2    2      0.0000002024      0.0000002725
   -1    3    0    1    2    3      0.0004933749     -0.0022200835
   -1    3    0    2    2    1     -0.0582342472      0.0431630511
   -1    3    0    2    2    2     -0.1853067132     -0.0510771487
   -1    3    0    2    2    3     -0.0000000023      0.0000000018
   -1    4    0    1    1    1     -0.0503320406      0.0226840051
   -1    4    0    1    1    2      0.0657956734     -0.0225106420
   -1    4    0    1    1    3      0.0000000041      0.0000000054
   -1    4    0    2    1    1     -0.0000004069      0.0000003395
   -1    4    0    2    1    2     -0.0000002974      0.0000001216
   -1    4    0    2    1    3     -0.0024830321      0.0025184860
   -1    4    0    1    2    1      0.0000000653     -0.0000003418
   -1    4    0    1    2    2     -0.0000003257      0.0000000692
   -1    4    0    1    2    3      0.0024830497      0.0025184119
   -1    4    0    2    2    1     -0.0503337208     -0.0226834934
   -1    4    0    2    2    2      0.0657935453      0.0225097698
   -1    4    0    2    2    3     -0.0000000052     -0.0000000046
    0   -5    0    1    1    1      0.0120388880      0.0000001961
    0   -5    0    1    1    2     -0.0000000165     -0.1527998375
    0   -5    0    1    1    3     -0.0000000008      0.0000000000
    0   -5    0    2    1    1     -0.0000001043      0.0000005190
    0   -5    0    2    1    2     -0.0000000511      0.0000001571
    0   -5    0    2    1    3     -0.0000000448      0.0000000065
    0   -5    0    1    2    1     -0.0000003073      0.0000001780
    0   -5    0    1    2    2      0.0000000461      0.0000001571
    0   -5    0    1    2    3     -0.0000000146     -0.0000000065
    0   -5    0    2    2    1      0.0120386811      0.0000001898
    0   -5    0    2    2    2     -0.0000000165      0.1527959962
    0   -5    0    2    2    3     -0.0000000001      0.0000000000
    0   -4    0    1    1    1     -0.0019629472     -0.0180235196
    0   -4    0    1    1    2      0.0841816064      0.1814857832
    0   -4    0    1    1    3      0.0000000043     -0.0000000073
    0   -4    0    2    1    1      0.0000003716      0.0000003438
    0   -4    0    2    1    2     -0.0000001064     -0.0000004989
    0   -4    0    2    1    3     -0.0000000434     -0.0001720971
    0   -4    0    1    2    1     -0.0000001224      0.0000003542
    0   -4    0    1    2    2     -0.0000002690     -0.0000002629
    0   -4    0    1    2    3     -0.0000000127     -0.0001721129
    0   -4    0    2    2    1     -0.0019633078      0.0180233040
    0   -4    0    2    2    2      0.0841828807     -0.1814900863
    0   -4    0    2    2    3     -0.0000000052      0.0000000083
    0   -3    0    1    1    1      0.1390862238     -0.0144453853
    0   -3    0    1    1    2     -0.1208918761     -0.0702323188
    0   -3    0    1    1    3     -0.0000000074     -0.0000000012
    0   -3    0    2    1    1      0.0000002564     -0.0000000543
    0   -3    0    2    1    2      0.0000000585     -0.0000003708
    0   -3    0    2    1    3      0.0000000389      0.0055131284
    0   -3    0    1    2    1     -0.0000002234      0.0000001046
    0   -3    0    1    2    2      0.0000002440     -0.0000007792
    0   -3    0    1    2    3     -0.0000000494      0.0055131593
    0   -3    0    2    2    1      0.1390869632      0.0144443256
    0   -3    0    2    2    2     -0.1208888089      0.0702302134
    0   -3    0    2    2    3      0.0000000042      0.0000000022
    0   -2    0    1    1    1     -0.0809282910      0.0025375785
    0   -2    0    1    1    2     -0.0914058886      0.0413922862
    0   -2    0    1    1    3     -0.0000000152      0.0000000026
    0   -2    0    2    1    1      0.0000000139      0.0000002281
    0   -2    0    2    1    2     -0.0000001476     -0.0000008548
    0   -2    0    2    1    3      0.0000000970      0.0008228271
    0   -2    0    1    2    1     -0.0000001180      0.0000004543
    0   -2    0    1    2    2      0.0000003006      0.0000000878
    0   -2    0    1    2    3     -0.0000000862      0.0008228761
    0   -2    0    2    2    1     -0.0809280517     -0.0025389424
    0   -2    0    2    2    2     -0.0914031933     -0.0413960363
    0   -2    0    2    2    3      0.0000000106     -0.0000000010
    0   -1    0    1    1    1      0.3870404173      0.2327267293
    0   -1    0    1    1    2      0.1004409679     -0.0116143528
    0   -1    0    1    1    3     -0.0000000067      0.0000000028
    0   -1    0    2    1    1      0.0000002395     -0.0000000781
    0   -1    0    2    1    2      0.0000001201     -0.0000000542
    0   -1    0    2    1    3     -0.0000000931     -0.0115735013
    0   -1    0    1    2    1      0.0000001407     -0.0000000086
    0   -1    0    1    2    2      0.0000004913      0.0000001339
    0   -1    0    1    2    3      0.0000000604     -0.0115735309
    0   -1    0    2    2    1      0.3870403213     -0.2327259399
    0   -1    0    2    2    2      0.1004424922      0.0116147493
    0   -1    0    2    2    3     -0.0000000023     -0.0000000021
    0    0    0    1    1    1      0.8250504944      0.0000000767
    0    0    0    1    1    2      0.0000005083     -0.0000000550
    0    0    0    1    1    3     -0.0000000091      0.0000000000
    0    0    0    2    1    1      0.0000001067      0.0000001247
    0    0    0    2    1    2      0.0000001664     -0.0000000377
    0    0    0    2    1    3     -0.0000000747      0.0000000255
    0    0    0    1    2    1      0.0000001090     -0.0000001251
    0    0    0    1    2    2      0.0000001657      0.0000000377
    0    0    0    1    2    3      0.0000000524     -0.0000000255
    0    0    0    2    2    1      0.8250484918      0.0000000465
    0    0    0    2    2    2      0.0000005156      0.0000000510
    0    0    0    2    2    3      0.0000000018      0.0000000000
    0    1    0    1    1    1      0.3870402857     -0.2327265779
    0    1    0    1    1    2     -0.1004414050     -0.0116136757
    0    1    0    1    1    3     -0.0000000067     -0.0000000028
    0    1    0    2    1    1      0.0000001980     -0.0000000133
    0    1    0    2    1    2      0.0000004434     -0.0000002160
    0    1    0    2    1    3     -0.0000001380      0.0115735309
    0    1    0    1    2    1      0.0000002534      0.0000000850
    0    1    0    1    2    2      0.0000001775      0.0000001093
    0    1    0    1    2    3      0.0000001052      0.0115735013
    0    1    0    2    2    1      0.3870404005      0.2327260398
    0    1    0    2    2    2     -0.1004398407      0.0116137999
    0    1    0    2    2    3     -0.0000000023      0.0000000021
    0    2    0    1    1    1     -0.0809284660     -0.0025375542
    0    2    0    1    1    2      0.0914029932      0.0413959070
    0    2    0    1    1    3     -0.0000000152     -0.0000000026
    0    2    0    2    1    1      0.0000000349     -0.0000003933
    0    2    0    2    1    2      0.0000000567     -0.0000001463
    0    2    0    2    1    3      0.0000000520     -0.0008228761
    0    2    0    1    2    1     -0.0000000374     -0.0000001507
    0    2    0    1    2    2     -0.0000001808      0.0000007926
    0    2    0    1    2    3     -0.0000000412     -0.0008228271
    0    2    0    2    2    1     -0.0809281874      0.0025389972
    0    2    0    2    2    2      0.0914042021     -0.0413943776
    0    2    0    2    2    3      0.0000000106      0.0000000010
    0    3    0    1    1    1      0.1390854982      0.0144460883
    0    3    0    1    1    2      0.1208870777     -0.0702278649
    0    3    0    1    1    3     -0.0000000074      0.0000000012
    0    3    0    2    1    1     -0.0000002422      0.0000000951
    0    3    0    2    1    2      0.0000000409      0.0000009268
    0    3    0    2    1    3      0.0000000463     -0.0055131593
    0    3    0    1    2    1      0.0000000804      0.0000002381
    0    3    0    1    2    2     -0.0000000362      0.0000005663
    0    3    0    1    2    3     -0.0000000568     -0.0055131284
    0    3    0    2    2    1      0.1390872542     -0.0144434426
    0    3    0    2    2    2      0.1208891958      0.0702270726
    0    3    0    2    2    3      0.0000000042     -0.0000000022
    0    4    0    1    1    1     -0.0019643838      0.0180243045
    0    4    0    1    1    2     -0.0841847344      0.1814860200
    0    4    0    1    1    3      0.0000000043      0.0000000073
    0    4    0    2    1    1     -0.0000000948      0.0000001803
    0    4    0    2    1    2     -0.0000003252      0.0000004606
    0    4    0    2    1    3      0.0000000113      0.0001721129
    0    4    0    1    2    1      0.0000000748      0.0000001315
    0    4    0    1    2    2     -0.0000002859      0.0000007588
    0    4    0    1    2    3     -0.0000000674      0.0001720971
    0    4    0    2    2    1     -0.0019633625     -0.0180227731
    0    4    0    2    2    2     -0.0841855543     -0.1814880771
    0    4    0    2    2    3     -0.0000000052     -0.0000000083
    0    5    0    1    1    1      0.0120388880      0.0000001961
    0    5    0    1    1    2     -0.0000000165     -0.1527998375
    0    5    0    1    1    3     -0.0000000008      0.0000000000
    0    5    0    2    1    1     -0.0000001043      0.0000005190
    0    5    0    2    1    2     -0.0000000511      0.0000001571
    0    5    0    2    1    3     -0.0000000448      0.0000000065
    0    5    0    1    2    1     -0.0000003073      0.0000001780
    0    5    0    1    2    2      0.0000000461      0.0000001571
    0    5    0    1    2    3     -0.0000000146     -0.0000000065
    0    5    0    2    2    1      0.0120386811      0.0000001898
    0    5    0    2    2    2     -0.0000000165      0.1527959962
    0    5    0    2    2    3     -0.0000000001      0.0000000000
    1   -4    0    1    1    1     -0.0007497676      0.0228520472
    1   -4    0    1    1    2     -0.0589311361     -0.0504918903
    1   -4    0    1    1    3      0.0000000041     -0.0000000054
    1   -4    0    2    1    1      0.0000001134      0.0000004797
    1   -4    0    2    1    2      0.0000000360     -0.0000000450
    1   -4    0    2    1    3      0.0024830138     -0.0025184189
    1   -4    0    1    2    1      0.0000002685      0.0000001492
    1   -4    0    1    2    2     -0.0000002777     -0.0000000957
    1   -4    0    1    2    3     -0.0024829962     -0.0025184930
    1   -4    0    2    2    1     -0.0007490220     -0.0228515153
    1   -4    0    2    2    2     -0.0589313401      0.0504910918
    1   -4    0    2    2    3     -0.0000000052      0.0000000046
    1   -3    0    1    1    1     -0.0099725082     -0.0217414773
    1   -3    0    1    1    2      0.1263673546      0.0852185405
    1   -3    0    1    1    3      0.0000000003      0.0000000004
    1   -3    0    2    1    1     -0.0000001569     -0.0000002133
    1   -3    0    2    1    2      0.0000006164     -0.0000002228
    1   -3    0    2    1    3      0.0004934364      0.0022201077
    1   -3    0    1    2    1      0.0000003212      0.0000001359
    1   -3    0    1    2    2     -0.0000008461     -0.0000003039
    1   -3    0    1    2    3     -0.0004934310      0.0022200907
    1   -3    0    2    2    1     -0.0099720104      0.0217410521
    1   -3    0    2    2    2      0.1263669324     -0.0852179550
    1   -3    0    2    2    3     -0.0000000023     -0.0000000018
    1   -2    0    1    1    1      0.0059844058      0.0189195679
    1   -2    0    1    1    2     -0.1597948144     -0.1684605976
    1   -2    0    1    1    3     -0.0000000058      0.0000000087
    1   -2    0    2    1    1      0.0000001209      0.0000000274
    1   -2    0    2    1    2      0.0000001245     -0.0000002291
    1   -2    0    2    1    3      0.0015088192      0.0006123864
    1   -2    0    1    2    1     -0.0000000887      0.0000003807
    1   -2    0    1    2    2     -0.0000003538      0.0000004420
    1   -2    0    1    2    3     -0.0015087940      0.0006124314
    1   -2    0    2    2    1      0.0059858337     -0.0189201606
    1   -2    0    2    2    2     -0.1597950511      0.1684609575
    1   -2    0    2    2    3      0.0000000006     -0.0000000087
    1   -1    0    1    1    1     -0.1100181307      0.2871447213
    1   -1    0    1    1    2      0.1507613242     -0.1156601369
    1   -1    0    1    1    3      0.0000000027     -0.0000000003
    1   -1    0    2    1    1      0.0000001949     -0.0000002160
    1   -1    0    2    1    2      0.0000001764     -0.0000001103
    1   -1    0    2    1    3      0.0043784791     -0.0041489173
    1   -1    0    1    2    1      0.0000005055     -0.0000000381
    1   -1    0    1    2    2     -0.0000004249      0.0000006667
    1   -1    0    1    2    3     -0.0043784875     -0.0041488850
    1   -1    0    2    2    1     -0.1100164341     -0.2871442216
    1   -1    0    2    2    2      0.1507607878      0.1156612790
    1   -1    0    2    2    3     -0.0000000066     -0.0000000035
    1    0    0    1    1    1     -0.0799322353      0.1124707994
    1    0    0    1    1    2     -0.0315351540     -0.1563143514
    1    0    0    1    1    3     -0.0000000006      0.0000000034
    1    0    0    2    1    1      0.0000001183     -0.0000001182
    1    0    0    2    1    2      0.0000000000     -0.0000002680
    1    0    0    2    1    3      0.0098710192     -0.0047425197
    1    0    0    1    2    1      0.0000002276      0.0000004157
    1    0    0    1    2    2     -0.0000004275      0.0000000023
    1    0    0    1    2    3     -0.0098710378     -0.0047425313
    1    0    0    2    2    1     -0.0799315499     -0.1124696352
    1    0    0    2    2    2     -0.0315346724      0.1563128618
    1    0    0    2    2    3     -0.0000000098     -0.0000000078
    1    1    0    1    1    1     -0.0799312289     -0.1124711647
    1    1    0    1    1    2      0.0315358335     -0.1563140151
    1    1    0    1    1    3     -0.0000000005      0.0000000004
    1    1    0    2    1    1      0.0000002696     -0.0000003343
    1    1    0    2    1    2      0.0000000174     -0.0000008914
    1    1    0    2    1    3      0.0098709929      0.0047425397
    1    1    0    1    2    1      0.0000002158      0.0000000330
    1    1    0    1    2    2     -0.0000000200      0.0000000791
    1    1    0    1    2    3     -0.0098710159      0.0047424880
    1    1    0    2    2    1     -0.0799308309      0.1124726856
    1    1    0    2    2    2      0.0315350776      0.1563158620
    1    1    0    2    2    3     -0.0000000031     -0.0000000052
    1    2    0    1    1    1     -0.1100172578     -0.2871456968
    1    2    0    1    1    2     -0.1507606469     -0.1156613942
    1    2    0    1    1    3     -0.0000000105     -0.0000000054
    1    2    0    2    1    1     -0.0000002688     -0.0000009418
    1    2    0    2    1    2     -0.0000003926     -0.0000008871
    1    2    0    2    1    3      0.0043784523      0.0041488829
    1    2    0    1    2    1      0.0000003208      0.0000000046
    1    2    0    1    2    2      0.0000001484      0.0000003555
    1    2    0    1    2    3     -0.0043784715      0.0041488895
    1    2    0    2    2    1     -0.1100190708      0.2871450778
    1    2    0    2    2    2     -0.1507648045      0.1156606930
    1    2    0    2    2    3      0.0000000033     -0.0000000003
    1    3    0    1    1    1      0.0059838457     -0.0189219660
    1    3    0    1    1    2      0.1597941339     -0.1684635674
    1    3    0    1    1    3     -0.0000000028      0.0000000074
    1    3    0    2    1    1     -0.0000004134     -0.0000000592
    1    3    0    2    1    2     -0.0000007481      0.0000000363
    1    3    0    2    1    3      0.0015088086     -0.0006124630
    1    3    0    1    2    1      0.0000002326      0.0000001890
    1    3    0    1    2    2      0.0000003804      0.0000004174
    1    3    0    1    2    3     -0.0015087763     -0.0006124261
    1    3    0    2    2    1      0.0059837553      0.0189199407
    1    3    0    2    2    2      0.1597914814      0.1684614982
    1    3    0    2    2    3      0.0000000014     -0.0000000098
    1    4    0    1    1    1     -0.0099739809      0.0217407926
    1    4    0    1    1    2     -0.1263694690      0.0852176188
    1    4    0    1    1    3      0.0000000097      0.0000000089
    1    4    0    2    1    1     -0.0000006323      0.0000000138
    1    4    0    2    1    2     -0.0000004312     -0.0000000260
    1    4    0    2    1    3      0.0004934770     -0.0022201335
    1    4    0    1    2    1      0.0000005246     -0.0000000133
    1    4    0    1    2    2      0.0000000656      0.0000002521
    1    4    0    1    2    3     -0.0004934502     -0.0022201016
    1    4    0    2    2    1     -0.0099727881     -0.0217421423
    1    4    0    2    2    2     -0.1263700507     -0.0852203335
    1    4    0    2    2    3     -0.0000000111     -0.0000000117
    1    5    0    1    1    1     -0.0007509751     -0.0228514657
    1    5    0    1    1    2      0.0589308193     -0.0504918183
    1    5    0    1    1    3      0.0000000122      0.0000000024
    1    5    0    2    1    1     -0.0000003457      0.0000001517
    1    5    0    2    1    2     -0.0000000618      0.0000001498
    1    5    0    2    1    3      0.0024830353      0.0025184480
    1    5    0    1    2    1      0.0000001006      0.0000002090
    1    5    0    1    2    2      0.0000002023      0.0000003467
    1    5    0    1    2    3     -0.0024830094      0.0025184534
    1    5    0    2    2    1     -0.0007504227      0.0228498832
    1    5    0    2    2    2      0.0589310586      0.0504896815
    1    5    0    2    2    3     -0.0000000127     -0.0000000037
    2   -4    0    1    1    1     -0.0881433250      0.0000000282
    2   -4    0    1    1    2     -0.0000003953     -0.1176569869
    2   -4    0    1    1    3      0.0000000034     -0.0000000163
    2   -4    0    2    1    1      0.0000003173      0.0000009724
    2   -4    0    2    1    2     -0.0000000746      0.0000000284
    2   -4    0    2    1    3      0.0033489758      0.0000000239
    2   -4    0    1    2    1     -0.0000002716      0.0000002537
    2   -4    0    1    2    2      0.0000000027      0.0000000322
    2   -4    0    1    2    3     -0.0033489621     -0.0000000279
    2   -4    0    2    2    1     -0.0881422192     -0.0000003137
    2   -4    0    2    2    2      0.0000010291      0.1176555991
    2   -4    0    2    2    3     -0.0000000041      0.0000000160
    2   -3    0    1    1    1      0.0027662169      0.0180244210
    2   -3    0    1    1    2      0.0493749144      0.0686848627
    2   -3    0    1    1    3     -0.0000000136     -0.0000000092
    2   -3    0    2    1    1     -0.0000000657      0.0000005822
    2   -3    0    2    1    2     -0.0000000008     -0.0000004305
    2   -3    0    2    1    3      0.0003287048     -0.0021908850
    2   -3    0    1    2    1     -0.0000002159     -0.0000001820
    2   -3    0    1    2    2      0.0000000907     -0.0000001223
    2   -3    0    1    2    3     -0.0003286896     -0.0021909589
    2   -3    0    2    2    1      0.0027643274     -0.0180222079
    2   -3    0    2    2    2      0.0493770971     -0.0686868615
    2   -3    0    2    2    3      0.0000000121      0.0000000099
    2   -2    0    1    1    1     -0.0772725741     -0.1556040821
    2   -2    0    1    1    2      0.0854035361      0.0765365283
    2   -2    0    1    1    3     -0.0000000104     -0.0000000034
    2   -2    0    2    1    1      0.0000000167      0.0000006749
    2   -2    0    2    1    2     -0.0000000853     -0.0000009567
    2   -2    0    2    1    3     -0.0007074130      0.0008665033
    2   -2    0    1    2    1     -0.0000004999     -0.0000000482
    2   -2    0    1    2    2      0.0000002058      0.0000005437
    2   -2    0    1    2    3      0.0007074412      0.0008665031
    2   -2    0    2    2    1     -0.0772733586      0.1556092551
    2   -2    0    2    2    2      0.0854055276     -0.0765440988
    2   -2    0    2    2    3      0.0000000082      0.0000000021
    2   -1    0    1    1    1     -0.0132123165      0.1326989795
    2   -1    0    1    1    2      0.1136514406     -0.0613511597
    2   -1    0    1    1    3      0.0000000005     -0.0000000053
    2   -1    0    2    1    1      0.0000003377      0.0000004517
    2   -1    0    2    1    2     -0.0000002621     -0.0000003599
    2   -1    0    2    1    3      0.0001990100     -0.0019090605
    2   -1    0    1    2    1     -0.0000005472     -0.0000002708
    2   -1    0    1    2    2      0.0000009485      0.0000006502
    2   -1    0    1    2    3     -0.0001989666     -0.0019090352
    2   -1    0    2    2    1     -0.0132151092     -0.1326931613
    2   -1    0    2    2    2      0.1136539381      0.0613461380
    2   -1    0    2    2    3     -0.0000000038      0.0000000044
    2    0    0    1    1    1     -0.0063833268      0.1260836450
    2    0    0    1    1    2      0.0286366310     -0.0171193806
    2    0    0    1    1    3     -0.0000000025     -0.0000000105
    2    0    0    2    1    1     -0.0000001627      0.0000006658
    2    0    0    2    1    2     -0.0000002395     -0.0000002355
    2    0    0    2    1    3     -0.0005561427      0.0028757583
    2    0    0    1    2    1     -0.0000003335      0.0000001192
    2    0    0    1    2    2      0.0000004572      0.0000000887
    2    0    0    1    2    3      0.0005561517      0.0028757858
    2    0    0    2    2    1     -0.0063850601     -0.1260815817
    2    0    0    2    2    2      0.0286370468      0.0171174073
    2    0    0    2    2    3     -0.0000000009      0.0000000090
    2    1    0    1    1    1      0.4594914973     -0.0000014782
    2    1    0    1    1    2     -0.0000002776      0.0168541239
    2    1    0    1    1    3     -0.0000000051     -0.0000000048
    2    1    0    2    1    1     -0.0000000463      0.0000000281
    2    1    0    2    1    2     -0.0000001834     -0.0000000237
    2    1    0    2    1    3      0.0007276442      0.0000000338
    2    1    0    1    2    1     -0.0000007825     -0.0000000329
    2    1    0    1    2    2      0.0000003620      0.0000000931
    2    1    0    1    2    3     -0.0007276601      0.0000000089
    2    1    0    2    2    1      0.4594874143     -0.0000006928
    2    1    0    2    2    2      0.0000007809     -0.0168529490
    2    1    0    2    2    3      0.0000000002      0.0000000051
    2    2    0    1    1    1     -0.0063818046     -0.1260842785
    2    2    0    1    1    2     -0.0286370174     -0.0171196841
    2    2    0    1    1    3     -0.0000000190     -0.0000000127
    2    2    0    2    1    1     -0.0000005300     -0.0000002673
    2    2    0    2    1    2     -0.0000002258      0.0000001125
    2    2    0    2    1    3     -0.0005561536     -0.0028757238
    2    2    0    1    2    1     -0.0000006323     -0.0000002947
    2    2    0    1    2    2     -0.0000000328      0.0000004694
    2    2    0    1    2    3      0.0005561043     -0.0028757424
    2    2    0    2    2    1     -0.0063815792      0.1260793995
    2    2    0    2    2    2     -0.0286365046      0.0171163615
    2    2    0    2    2    3      0.0000000172      0.0000000105
    2    3    0    1    1    1     -0.0132123928     -0.1326981872
    2    3    0    1    1    2     -0.1136516773     -0.0613503773
    2    3    0    1    1    3     -0.0000000122     -0.0000000062
    2    3    0    2    1    1     -0.0000007461      0.0000006054
    2    3    0    2    1    2     -0.0000005881      0.0000011718
    2    3    0    2    1    3      0.0001989723      0.0019090590
    2    3    0    1    2    1     -0.0000002690      0.0000001092
    2    3    0    1    2    2     -0.0000001474      0.0000004662
    2    3    0    1    2    3     -0.0001989975      0.0019090442
    2    3    0    2    2    1     -0.0132117003      0.1326951190
    2    3    0    2    2    2     -0.1136486006      0.0613470522
    2    3    0    2    2    3      0.0000000100      0.0000000052
    2    4    0    1    1    1     -0.0772731102      0.1556054641
    2    4    0    1    1    2     -0.0854033828      0.0765385876
    2    4    0    1    1    3      0.0000000001      0.0000000020
    2    4    0    2    1    1     -0.0000006472      0.0000008068
    2    4    0    2    1    2     -0.0000005675      0.0000007318
    2    4    0    2    1    3     -0.0007074414     -0.0008665316
    2    4    0    1    2    1     -0.0000003955      0.0000000428
    2    4    0    1    2    2     -0.0000004600      0.0000005118
    2    4    0    1    2    3      0.0007074490     -0.0008664751
    2    4    0    2    2    1     -0.0772717210     -0.1556064900
    2    4    0    2    2    2     -0.0854034040     -0.0765409938
    2    4    0    2    2    3     -0.0000000001     -0.0000000043
    2    5    0    1    1    1      0.0027646365     -0.0180232559
    2    5    0    1    1    2     -0.0493758529      0.0686864342
    2    5    0    1    1    3      0.0000000045     -0.0000000075
    2    5    0    2    1    1     -0.0000003369      0.0000007535
    2    5    0    2    1    2      0.0000000373      0.0000007573
    2    5    0    2    1    3      0.0003287099      0.0021908980
    2    5    0    1    2    1     -0.0000002203     -0.0000000395
    2    5    0    1    2    2     -0.0000000800      0.0000004548
    2    5    0    1    2    3     -0.0003286944      0.0021909743
    2    5    0    2    2    1      0.0027650996      0.0180226854
    2    5    0    2    2    2     -0.0493744100     -0.0686867022
    2    5    0    2    2    3     -0.0000000047      0.0000000083
    2    6    0    1    1    1     -0.0881433250      0.0000000282
    2    6    0    1    1    2     -0.0000003953     -0.1176569869
    2    6    0    1    1    3      0.0000000034     -0.0000000163
    2    6    0    2    1    1      0.0000003173      0.0000009724
    2    6    0    2    1    2     -0.0000000746      0.0000000284
    2    6    0    2    1    3      0.0033489758      0.0000000239
    2    6    0    1    2    1     -0.0000002716      0.0000002537
    2    6    0    1    2    2      0.0000000027      0.0000000322
    2    6    0    1    2    3     -0.0033489621     -0.0000000279
    2    6    0    2    2    1     -0.0881422192     -0.0000003137
    2    6    0    2    2    2      0.0000010291      0.1176555991
    2    6    0    2    2    3     -0.0000000041      0.0000000160
    3   -3    0    1    1    1      0.0178619069      0.0829067179
    3   -3    0    1    1    2     -0.0672391255     -0.0159982549
    3   -3    0    1    1    3     -0.0000000052     -0.0000000010
    3   -3    0    2    1    1      0.0000006934      0.0000002458
    3   -3    0    2    1    2     -0.0000000079     -0.0000000575
    3   -3    0    2    1    3      0.0016649364     -0.0013788719
    3   -3    0    1    2    1      0.0000003022      0.0000005321
    3   -3    0    1    2    2     -0.0000001160     -0.0000004279
    3   -3    0    1    2    3     -0.0016649159     -0.0013789395
    3   -3    0    2    2    1      0.0178645325     -0.0829045838
    3   -3    0    2    2    2     -0.0672402294      0.0159976136
    3   -3    0    2    2    3      0.0000000044     -0.0000000005
    3   -2    0    1    1    1      0.0862952217     -0.0923309950
    3   -2    0    1    1    2     -0.0071473936      0.0644193551
    3   -2    0    1    1    3     -0.0000000135      0.0000000060
    3   -2    0    2    1    1      0.0000005860      0.0000001259
    3   -2    0    2    1    2     -0.0000003389     -0.0000002299
    3   -2    0    2    1    3     -0.0019689018     -0.0017883923
    3   -2    0    1    2    1      0.0000000205      0.0000004317
    3   -2    0    1    2    2     -0.0000002651     -0.0000000705
    3   -2    0    1    2    3      0.0019689036     -0.0017884209
    3   -2    0    2    2    1      0.0862963886      0.0923336563
    3   -2    0    2    2    2     -0.0071507940     -0.0644198887
    3   -2    0    2    2    3      0.0000000132     -0.0000000070
    3   -1    0    1    1    1     -0.0826993097     -0.0199274054
    3   -1    0    1    1    2      0.0263155610      0.0042855068
    3   -1    0    1    1    3      0.0000000029      0.0000000019
    3   -1    0    2    1    1      0.0000010106      0.0000002453
    3   -1    0    2    1    2     -0.0000001263     -0.0000003590
    3   -1    0    2    1    3     -0.0011678792      0.0004620401
    3   -1    0    1    2    1      0.0000001399      0.0000006461
    3   -1    0    1    2    2     -0.0000003037     -0.0000001151
    3   -1    0    1    2    3      0.0011678797      0.0004620169
    3   -1    0    2    2    1     -0.0826993869      0.0199294894
    3   -1    0    2    2    2      0.0263161917     -0.0042862579
    3   -1    0    2    2    3     -0.0000000025     -0.0000000056
    3    0    0    1    1    1     -0.0647944342      0.2068982547
    3    0    0    1    1    2      0.0527221789     -0.1911194670
    3    0    0    1    1    3      0.0000000036      0.0000000015
    3    0    0    2    1    1      0.0000007758      0.0000001575
    3    0    0    2    1    2     -0.0000001053     -0.0000002050
    3    0    0    2    1    3     -0.0024965573      0.0030615545
    3    0    0    1    2    1     -0.0000001205      0.0000012677
    3    0    0    1    2    2      0.0000000602     -0.0000006951
    3    0    0    1    2    3      0.0024965804      0.0030615916
    3    0    0    2    2    1     -0.0647968482     -0.2068952837
    3    0    0    2    2    2      0.0527213501      0.1911183488
    3    0    0    2    2    3     -0.0000000051     -0.0000000063
    3    1    0    1    1    1     -0.0631612066      0.0299138978
    3    1    0    1    1    2     -0.0481135613     -0.0176045456
    3    1    0    1    1    3     -0.0000000002     -0.0000000039
    3    1    0    2    1    1      0.0000007253     -0.0000004913
    3    1    0    2    1    2      0.0000000477     -0.0000002763
    3    1    0    2    1    3     -0.0011138434      0.0036261489
    3    1    0    1    2    1     -0.0000001565      0.0000010072
    3    1    0    1    2    2      0.0000000559     -0.0000005273
    3    1    0    1    2    3      0.0011138424      0.0036261884
    3    1    0    2    2    1     -0.0631611342     -0.0299122030
    3    1    0    2    2    2     -0.0481119310      0.0176040047
    3    1    0    2    2    3      0.0000000010     -0.0000000027
    3    2    0    1    1    1     -0.0631616866     -0.0299096806
    3    2    0    1    1    2      0.0481132798     -0.0176042368
    3    2    0    1    1    3     -0.0000000115     -0.0000000030
    3    2    0    2    1    1      0.0000001308     -0.0000006909
    3    2    0    2    1    2      0.0000002282     -0.0000003682
    3    2    0    2    1    3     -0.0011138059     -0.0036261624
    3    2    0    1    2    1     -0.0000001860      0.0000011135
    3    2    0    1    2    2      0.0000001038      0.0000000344
    3    2    0    1    2    3      0.0011137818     -0.0036261506
    3    2    0    2    2    1     -0.0631634057      0.0299099104
    3    2    0    2    2    2      0.0481118922      0.0176043427
    3    2    0    2    2    3      0.0000000096     -0.0000000043
    3    3    0    1    1    1     -0.0647968339     -0.2068990625
    3    3    0    1    1    2     -0.0527233612     -0.1911207857
    3    3    0    1    1    3     -0.0000000092      0.0000000033
    3    3    0    2    1    1     -0.0000001748      0.0000004631
    3    3    0    2    1    2      0.0000000410      0.0000002380
    3    3    0    2    1    3     -0.0024965542     -0.0030615318
    3    3    0    1    2    1      0.0000001813      0.0000010372
    3    3    0    1    2    2      0.0000001399      0.0000004615
    3    3    0    1    2    3      0.0024965251     -0.0030615916
    3    3    0    2    2    1     -0.0647985125      0.2068992183
    3    3    0    2    2    2     -0.0527223685      0.1911203808
    3    3    0    2    2    3      0.0000000112     -0.0000000072
    3    4    0    1    1    1     -0.0827002299      0.0199244547
    3    4    0    1    1    2     -0.0263162412      0.0042823543
    3    4    0    1    1    3      0.0000000033      0.0000000073
    3    4    0    2    1    1     -0.0000000839      0.0000006444
    3    4    0    2    1    2     -0.0000000478      0.0000000466
    3    4    0    2    1    3     -0.0011679153     -0.0004620367
    3    4    0    1    2    1      0.0000001404      0.0000011971
    3    4    0    1    2    2      0.0000002706      0.0000005525
    3    4    0    1    2    3      0.0011679075     -0.0004620328
    3    4    0    2    2    1     -0.0827019747     -0.0199271700
    3    4    0    2    2    2     -0.0263185645     -0.0042850865
    3    4    0    2    2    3     -0.0000000034     -0.0000000100
    3    5    0    1    1    1      0.0862932916      0.0923322018
    3    5    0    1    1    2      0.0071472188      0.0644200046
    3    5    0    1    1    3      0.0000000042      0.0000000050
    3    5    0    2    1    1      0.0000003075      0.0000006191
    3    5    0    2    1    2      0.0000002663      0.0000003511
    3    5    0    2    1    3     -0.0019688877      0.0017883833
    3    5    0    1    2    1      0.0000003401      0.0000006472
    3    5    0    1    2    2      0.0000005543      0.0000008082
    3    5    0    1    2    3      0.0019689253      0.0017884461
    3    5    0    2    2    1      0.0862964977     -0.0923344951
    3    5    0    2    2    2      0.0071504627     -0.0644214687
    3    5    0    2    2    3     -0.0000000034     -0.0000000055
    3    6    0    1    1    1      0.0178605311     -0.0829039731
    3    6    0    1    1    2      0.0672403590     -0.0159974455
    3    6    0    1    1    3      0.0000000061     -0.0000000079
    3    6    0    2    1    1      0.0000006981      0.0000005404
    3    6    0    2    1    2      0.0000001301      0.0000002264
    3    6    0    2    1    3      0.0016649667      0.0013788794
    3    6    0    1    2    1      0.0000004418      0.0000007719
    3    6    0    1    2    2      0.0000003590      0.0000000738
    3    6    0    1    2    3     -0.0016649345      0.0013789016
    3    6    0    2    2    1      0.0178649023      0.0829047551
    3    6    0    2    2    2      0.0672409508      0.0159980644
    3    6    0    2    2    3     -0.0000000057      0.0000000065
    4   -1    0    1    1    1      0.0029692334     -0.0786037973
    4   -1    0    1    1    2     -0.0134817823      0.0193477825
    4   -1    0    1    1    3      0.0000000061      0.0000000009
    4   -1    0    2    1    1     -0.0000002472      0.0000001368
    4   -1    0    2    1    2      0.0000000555     -0.0000004333
    4   -1    0    2    1    3     -0.0013536137     -0.0022087000
    4   -1    0    1    2    1      0.0000001854     -0.0000000584
    4   -1    0    1    2    2     -0.0000000114      0.0000005077
    4   -1    0    1    2    3      0.0013535994     -0.0022087403
    4   -1    0    2    2    1      0.0029687545      0.0786064772
    4   -1    0    2    2    2     -0.0134833606     -0.0193501679
    4   -1    0    2    2    3     -0.0000000042     -0.0000000035
    4    0    0    1    1    1     -0.0386064691      0.0464328598
    4    0    0    1    1    2      0.0469898644     -0.0042094876
    4    0    0    1    1    3      0.0000000139      0.0000000011
    4    0    0    2    1    1     -0.0000005488      0.0000003154
    4    0    0    2    1    2      0.0000002446     -0.0000004371
    4    0    0    2    1    3     -0.0013405337      0.0025624293
    4    0    0    1    2    1      0.0000001487      0.0000002764
    4    0    0    1    2    2     -0.0000000059      0.0000002459
    4    0    0    1    2    3      0.0013405407      0.0025623827
    4    0    0    2    2    1     -0.0386102662     -0.0464283899
    4    0    0    2    2    2      0.0469915886      0.0042076955
    4    0    0    2    2    3     -0.0000000120     -0.0000000024
    4    1    0    1    1    1      0.0642681373      0.0383693895
    4    1    0    1    1    2      0.0299275093     -0.0584879406
    4    1    0    1    1    3      0.0000000122      0.0000000025
    4    1    0    2    1    1     -0.0000006981     -0.0000006515
    4    1    0    2    1    2     -0.0000000681     -0.0000002337
    4    1    0    2    1    3     -0.0025510469      0.0035752017
    4    1    0    1    2    1     -0.0000003755      0.0000000913
    4    1    0    1    2    2      0.0000001993      0.0000000715
    4    1    0    1    2    3      0.0025510872      0.0035752540
    4    1    0    2    2    1      0.0642627625     -0.0383698607
    4    1    0    2    2    2      0.0299284002      0.0584867003
    4    1    0    2    2    3     -0.0000000103     -0.0000000023
    4    2    0    1    1    1     -0.0018968756     -0.0000011185
    4    2    0    1    1    2     -0.0000008023      0.0289659647
    4    2    0    1    1    3     -0.0000000027     -0.0000000050
    4    2    0    2    1    1     -0.0000012468     -0.0000008054
    4    2    0    2    1    2     -0.0000001341     -0.0000001381
    4    2    0    2    1    3     -0.0008988833     -0.0000000283
    4    2    0    1    2    1     -0.0000000664     -0.0000000468
    4    2    0    1    2    2     -0.0000001022      0.0000002217
    4    2    0    1    2    3      0.0008989062      0.0000000298
    4    2    0    2    2    1     -0.0018980761     -0.0000025263
    4    2    0    2    2    2      0.0000003136     -0.0289646916
    4    2    0    2    2    3      0.0000000045      0.0000000058
    4    3    0    1    1    1      0.0642654346     -0.0383712968
    4    3    0    1    1    2     -0.0299278662     -0.0584886735
    4    3    0    1    1    3     -0.0000000010      0.0000000070
    4    3    0    2    1    1     -0.0000016612      0.0000002327
    4    3    0    2    1    2     -0.0000004757      0.0000003895
    4    3    0    2    1    3     -0.0025510400     -0.0035752002
    4    3    0    1    2    1      0.0000001217      0.0000000925
    4    3    0    1    2    2     -0.0000003867      0.0000004084
    4    3    0    1    2    3      0.0025510433     -0.0035752329
    4    3    0    2    2    1      0.0642666683      0.0383673358
    4    3    0    2    2    2     -0.0299281219      0.0584860809
    4    3    0    2    2    3      0.0000000022     -0.0000000061
    4    4    0    1    1    1     -0.0386066441     -0.0464334643
    4    4    0    1    1    2     -0.0469904627     -0.0042085021
    4    4    0    1    1    3      0.0000000072      0.0000000091
    4    4    0    2    1    1     -0.0000013110      0.0000005007
    4    4    0    2    1    2     -0.0000005912      0.0000001366
    4    4    0    2    1    3     -0.0013405829     -0.0025623743
    4    4    0    1    2    1     -0.0000000716      0.0000002460
    4    4    0    1    2    2     -0.0000003026      0.0000002543
    4    4    0    1    2    3      0.0013405482     -0.0025624129
    4    4    0    2    2    1     -0.0386069298      0.0464287095
    4    4    0    2    2    2     -0.0469895218      0.0042079204
    4    4    0    2    2    3     -0.0000000044     -0.0000000099
    4    5    0    1    1    1      0.0029686153      0.0786042598
    4    5    0    1    1    2      0.0134812477      0.0193490141
    4    5    0    1    1    3      0.0000000106     -0.0000000011
    4    5    0    2    1    1     -0.0000005848      0.0000003914
    4    5    0    2    1    2     -0.0000002104      0.0000004082
    4    5    0    2    1    3     -0.0013536216      0.0022087245
    4    5    0    1    2    1      0.0000004139     -0.0000000446
    4    5    0    1    2    2      0.0000001704      0.0000005341
    4    5    0    1    2    3      0.0013536107      0.0022087421
    4    5    0    2    2    1      0.0029698270     -0.0786059758
    4    5    0    2    2    2      0.0134829074     -0.0193500166
    4    5    0    2    2    3     -0.0000000094     -0.0000000005
    5    0    0    1    1    1     -0.0012445872     -0.0068890397
    5    0    0    1    1    2     -0.0021559078      0.0170594288
    5    0    0    1    1    3     -0.0000000023      0.0000000000
    5    0    0    2    1    1      0.0000003961      0.0000003550
    5    0    0    2    1    2     -0.0000001197     -0.0000000647
    5    0    0    2    1    3     -0.0000000577      0.0000000492
    5    0    0    1    2    1     -0.0000003866      0.0000003117
    5    0    0    1    2    2      0.0000001425     -0.0000001472
    5    0    0    1    2    3     -0.0000000179     -0.0000000289
    5    0    0    2    2    1     -0.0012440630      0.0068880265
    5    0    0    2    2    2     -0.0021549361     -0.0170604888
    5    0    0    2    2    3      0.0000000047      0.0000000000
    5    1    0    1    1    1     -0.0177851012      0.0550970241
    5    1    0    1    1    2      0.0005962081     -0.0154012074
    5    1    0    1    1    3      0.0000000019     -0.0000000009
    5    1    0    2    1    1      0.0000005236      0.0000001523
    5    1    0    2    1    2     -0.0000001013     -0.0000000090
    5    1    0    2    1    3      0.0002755218      0.0036575519
    5    1    0    1    2    1     -0.0000008230      0.0000004674
    5    1    0    1    2    2      0.0000002192     -0.0000003275
    5    1    0    1    2    3     -0.0002755595      0.0036575535
    5    1    0    2    2    1     -0.0177893564     -0.0550957601
    5    1    0    2    2    2      0.0005954490      0.0154006336
    5    1    0    2    2    3      0.0000000013      0.0000000002
    5    2    0    1    1    1      0.0037792867      0.0068895917
    5    2    0    1    1    2      0.0001155412      0.0127298187
    5    2    0    1    1    3     -0.0000000086     -0.0000000038
    5    2    0    2    1    1      0.0000002064     -0.0000002963
    5    2    0    2    1    2      0.0000000182      0.0000000910
    5    2    0    2    1    3     -0.0004813056      0.0012619221
    5    2    0    1    2    1     -0.0000010519      0.0000005454
    5    2    0    1    2    2      0.0000002096     -0.0000002598
    5    2    0    1    2    3      0.0004812852      0.0012619595
    5    2    0    2    2    1      0.0037750477     -0.0068873452
    5    2    0    2    2    2      0.0001181323     -0.0127294974
    5    2    0    2    2    3      0.0000000106      0.0000000016
    5    3    0    1    1    1      0.0037794928     -0.0068861953
    5    3    0    1    1    2     -0.0001158151      0.0127299533
    5    3    0    1    1    3     -0.0000000086     -0.0000000010
    5    3    0    2    1    1     -0.0000002621      0.0000005314
    5    3    0    2    1    2      0.0000000696      0.0000005088
    5    3    0    2    1    3     -0.0004813117     -0.0012619841
    5    3    0    1    2    1     -0.0000007319      0.0000006357
    5    3    0    1    2    2     -0.0000001585      0.0000000410
    5    3    0    1    2    3      0.0004813008     -0.0012619414
    5    3    0    2    2    1      0.0037746341      0.0068894066
    5    3    0    2    2    2     -0.0001182461     -0.0127297322
    5    3    0    2    2    3      0.0000000108     -0.0000000008
    5    4    0    1    1    1     -0.0177848754     -0.0550966751
    5    4    0    1    1    2     -0.0005957533     -0.0154006135
    5    4    0    1    1    3      0.0000000022      0.0000000098
    5    4    0    2    1    1     -0.0000003599      0.0000008041
    5    4    0    2    1    2      0.0000001403      0.0000001835
    5    4    0    2    1    3      0.0002755116     -0.0036575545
    5    4    0    1    2    1     -0.0000009469      0.0000009464
    5    4    0    1    2    2     -0.0000001298      0.0000000604
    5    4    0    1    2    3     -0.0002755115     -0.0036575981
    5    4    0    2    2    1     -0.0177895089      0.0550966423
    5    4    0    2    2    2     -0.0005950893      0.0154010402
    5    4    0    2    2    3     -0.0000000008     -0.0000000109
    5    5    0    1    1    1     -0.0012439171      0.0068886975
    5    5    0    1    1    2      0.0021546892      0.0170592885
    5    5    0    1    1    3      0.0000000010      0.0000000000
    5    5    0    2    1    1      0.0000000504      0.0000005960
    5    5    0    2    1    2      0.0000004110      0.0000001899
    5    5    0    2    1    3     -0.0000000315     -0.0000000085
    5    5    0    1    2    1     -0.0000004065      0.0000004340
    5    5    0    1    2    2      0.0000002129      0.0000004743
    5    5    0    1    2    3      0.0000000082     -0.0000000118
    5    5    0    2    2    1     -0.0012440801     -0.0068876047
    5    5    0    2    2    2      0.0021549269     -0.0170590089
    5    5    0    2    2    3      0.0000000023      0.0000000000
    6    2    0    1    1    1     -0.0053607962      0.0221329341
    6    2    0    1    1    2      0.0199271526      0.0173291129
    6    2    0    1    1    3      0.0000000004     -0.0000000039
    6    2    0    2    1    1     -0.0000003133     -0.0000005736
    6    2    0    2    1    2      0.0000000398     -0.0000003143
    6    2    0    2    1    3      0.0006292607      0.0018288450
    6    2    0    1    2    1      0.0000002262      0.0000001678
    6    2    0    1    2    2     -0.0000001508     -0.0000000355
    6    2    0    1    2    3     -0.0006292347      0.0018288212
    6    2    0    2    2    1     -0.0053606697     -0.0221323615
    6    2    0    2    2    2      0.0199280331     -0.0173292398
    6    2    0    2    2    3      0.0000000006      0.0000000066
    6    3    0    1    1    1      0.0631017424     -0.0000017255
    6    3    0    1    1    2     -0.0000001348      0.0071322343
    6    3    0    1    1    3      0.0000000026      0.0000000034
    6    3    0    2    1    1     -0.0000006651     -0.0000001787
    6    3    0    2    1    2      0.0000000323      0.0000001309
    6    3    0    2    1    3     -0.0017357340      0.0000000013
    6    3    0    1    2    1      0.0000003172      0.0000003186
    6    3    0    1    2    2     -0.0000002711     -0.0000001678
    6    3    0    1    2    3      0.0017357531      0.0000000221
    6    3    0    2    2    1      0.0631022356     -0.0000006201
    6    3    0    2    2    2     -0.0000002485     -0.0071312668
    6    3    0    2    2    3     -0.0000000015     -0.0000000012
    6    4    0    1    1    1     -0.0053592476     -0.0221343580
    6    4    0    1    1    2     -0.0199265266      0.0173296144
    6    4    0    1    1    3      0.0000000103      0.0000000056
    6    4    0    2    1    1     -0.0000006679      0.0000001762
    6    4    0    2    1    2     -0.0000000373     -0.0000001466
    6    4    0    2    1    3      0.0006292256     -0.0018288504
    6    4    0    1    2    1      0.0000002289      0.0000004767
    6    4    0    1    2    2     -0.0000003451     -0.0000003102
    6    4    0    1    2    3     -0.0006291977     -0.0018288214
    6    4    0    2    2    1     -0.0053600660      0.0221325283
    6    4    0    2    2    2     -0.0199280071     -0.0173303973
    6    4    0    2    2    3     -0.0000000091     -0.0000000033
